1 10
1 999999 
100 200
201 210
900 1000
9 5 
1 1 
8 9 
5 9 
4 4 
2 3 
5 9 
5 9 
4 6 
25 37 
78 98 
41 71 
40 69 
50 98 
50 76 
42 82 
50 98 
64 64 
31 52
41 80
45 89
56 79
42 83
78 89
52 90
21 40
55 75
67 96
39 77
49 51
44 64
35 69
44 81
22 42
41 81
43 50
47 81
44 62
92 93
29 57
32 63
17 33
43 69 
146 290 
483 964 
505 775 
650 711 
891 904 
436 480
469 936 
415 443 
415 623 
487 954 
4220 4466 
1748 3494 
3064 4727 
5397 9187 
6829 7592 
4506 7935 
4256 8510 
7525 8761 
6445 8315 
4740 5455 
19560 26158
26483 52965 
36005 72009 
77701 84634 
75749 84866 
23986 44473 
30161 60320 
25538 42645 
60262 81372 
41787 83572 
246185 254228 
332 662
253 505
303 605
677 680
386 771
235 469
449 897
308 614
481 853
341 680
140 174
395 581
413 824
218 404
685 784
646 835
53 104
296 405
623 745
679 834
359 717